%%%%%%%%%%%%%%%%%%%%%%%%%%%%%%%%%%%%%%%%%%%%%%%%%%%
%   Viterbi Decoding for tailbiting codes
%   Based on WAVA from the paper "On two algorithms for tailbiting codes"
%              -----------------                  
%   Author: Dama Sreekanth            
%                                                 
%%%%%%%%%%%%%%%%%%%%%%%%%%%%%%%%%%%%%%%%%%%%%%%%%%%

function [ipHat_v] = viterbi_wava(y,iter)

% Viterbi decoding
LUT = [zeros(64,32) ones(64,32)];
ref_soft = [0.707106781186548,0.707106781186548,0.707106781186548;-0.707106781186548,-0.707106781186548,-0.707106781186548;-0.707106781186548,0.707106781186548,0.707106781186548;0.707106781186548,-0.707106781186548,-0.707106781186548;0.707106781186548,0.707106781186548,-0.707106781186548;-0.707106781186548,-0.707106781186548,0.707106781186548;-0.707106781186548,0.707106781186548,-0.707106781186548;0.707106781186548,-0.707106781186548,0.707106781186548;-0.707106781186548,-0.707106781186548,0.707106781186548;0.707106781186548,0.707106781186548,-0.707106781186548;0.707106781186548,-0.707106781186548,0.707106781186548;-0.707106781186548,0.707106781186548,-0.707106781186548;-0.707106781186548,-0.707106781186548,-0.707106781186548;0.707106781186548,0.707106781186548,0.707106781186548;0.707106781186548,-0.707106781186548,-0.707106781186548;-0.707106781186548,0.707106781186548,0.707106781186548;-0.707106781186548,-0.707106781186548,-0.707106781186548;0.707106781186548,0.707106781186548,0.707106781186548;0.707106781186548,-0.707106781186548,-0.707106781186548;-0.707106781186548,0.707106781186548,0.707106781186548;-0.707106781186548,-0.707106781186548,0.707106781186548;0.707106781186548,0.707106781186548,-0.707106781186548;0.707106781186548,-0.707106781186548,0.707106781186548;-0.707106781186548,0.707106781186548,-0.707106781186548;0.707106781186548,0.707106781186548,-0.707106781186548;-0.707106781186548,-0.707106781186548,0.707106781186548;-0.707106781186548,0.707106781186548,-0.707106781186548;0.707106781186548,-0.707106781186548,0.707106781186548;0.707106781186548,0.707106781186548,0.707106781186548;-0.707106781186548,-0.707106781186548,-0.707106781186548;-0.707106781186548,0.707106781186548,0.707106781186548;0.707106781186548,-0.707106781186548,-0.707106781186548;0.707106781186548,-0.707106781186548,-0.707106781186548;-0.707106781186548,0.707106781186548,0.707106781186548;-0.707106781186548,-0.707106781186548,-0.707106781186548;0.707106781186548,0.707106781186548,0.707106781186548;0.707106781186548,-0.707106781186548,0.707106781186548;-0.707106781186548,0.707106781186548,-0.707106781186548;-0.707106781186548,-0.707106781186548,0.707106781186548;0.707106781186548,0.707106781186548,-0.707106781186548;-0.707106781186548,0.707106781186548,-0.707106781186548;0.707106781186548,-0.707106781186548,0.707106781186548;0.707106781186548,0.707106781186548,-0.707106781186548;-0.707106781186548,-0.707106781186548,0.707106781186548;-0.707106781186548,0.707106781186548,0.707106781186548;0.707106781186548,-0.707106781186548,-0.707106781186548;0.707106781186548,0.707106781186548,0.707106781186548;-0.707106781186548,-0.707106781186548,-0.707106781186548;-0.707106781186548,0.707106781186548,0.707106781186548;0.707106781186548,-0.707106781186548,-0.707106781186548;0.707106781186548,0.707106781186548,0.707106781186548;-0.707106781186548,-0.707106781186548,-0.707106781186548;-0.707106781186548,0.707106781186548,-0.707106781186548;0.707106781186548,-0.707106781186548,0.707106781186548;0.707106781186548,0.707106781186548,-0.707106781186548;-0.707106781186548,-0.707106781186548,0.707106781186548;0.707106781186548,-0.707106781186548,0.707106781186548;-0.707106781186548,0.707106781186548,-0.707106781186548;-0.707106781186548,-0.707106781186548,0.707106781186548;0.707106781186548,0.707106781186548,-0.707106781186548;0.707106781186548,-0.707106781186548,-0.707106781186548;-0.707106781186548,0.707106781186548,0.707106781186548;-0.707106781186548,-0.707106781186548,-0.707106781186548;0.707106781186548,0.707106781186548,0.707106781186548;-0.707106781186548,-0.707106781186548,-0.707106781186548;0.707106781186548,0.707106781186548,0.707106781186548;0.707106781186548,-0.707106781186548,-0.707106781186548;-0.707106781186548,0.707106781186548,0.707106781186548;-0.707106781186548,-0.707106781186548,0.707106781186548;0.707106781186548,0.707106781186548,-0.707106781186548;0.707106781186548,-0.707106781186548,0.707106781186548;-0.707106781186548,0.707106781186548,-0.707106781186548;0.707106781186548,0.707106781186548,-0.707106781186548;-0.707106781186548,-0.707106781186548,0.707106781186548;-0.707106781186548,0.707106781186548,-0.707106781186548;0.707106781186548,-0.707106781186548,0.707106781186548;0.707106781186548,0.707106781186548,0.707106781186548;-0.707106781186548,-0.707106781186548,-0.707106781186548;-0.707106781186548,0.707106781186548,0.707106781186548;0.707106781186548,-0.707106781186548,-0.707106781186548;0.707106781186548,0.707106781186548,0.707106781186548;-0.707106781186548,-0.707106781186548,-0.707106781186548;-0.707106781186548,0.707106781186548,0.707106781186548;0.707106781186548,-0.707106781186548,-0.707106781186548;0.707106781186548,0.707106781186548,-0.707106781186548;-0.707106781186548,-0.707106781186548,0.707106781186548;-0.707106781186548,0.707106781186548,-0.707106781186548;0.707106781186548,-0.707106781186548,0.707106781186548;-0.707106781186548,-0.707106781186548,0.707106781186548;0.707106781186548,0.707106781186548,-0.707106781186548;0.707106781186548,-0.707106781186548,0.707106781186548;-0.707106781186548,0.707106781186548,-0.707106781186548;-0.707106781186548,-0.707106781186548,-0.707106781186548;0.707106781186548,0.707106781186548,0.707106781186548;0.707106781186548,-0.707106781186548,-0.707106781186548;-0.707106781186548,0.707106781186548,0.707106781186548;-0.707106781186548,0.707106781186548,0.707106781186548;0.707106781186548,-0.707106781186548,-0.707106781186548;0.707106781186548,0.707106781186548,0.707106781186548;-0.707106781186548,-0.707106781186548,-0.707106781186548;-0.707106781186548,0.707106781186548,-0.707106781186548;0.707106781186548,-0.707106781186548,0.707106781186548;0.707106781186548,0.707106781186548,-0.707106781186548;-0.707106781186548,-0.707106781186548,0.707106781186548;0.707106781186548,-0.707106781186548,0.707106781186548;-0.707106781186548,0.707106781186548,-0.707106781186548;-0.707106781186548,-0.707106781186548,0.707106781186548;0.707106781186548,0.707106781186548,-0.707106781186548;0.707106781186548,-0.707106781186548,-0.707106781186548;-0.707106781186548,0.707106781186548,0.707106781186548;-0.707106781186548,-0.707106781186548,-0.707106781186548;0.707106781186548,0.707106781186548,0.707106781186548;0.707106781186548,-0.707106781186548,-0.707106781186548;-0.707106781186548,0.707106781186548,0.707106781186548;-0.707106781186548,-0.707106781186548,-0.707106781186548;0.707106781186548,0.707106781186548,0.707106781186548;0.707106781186548,-0.707106781186548,0.707106781186548;-0.707106781186548,0.707106781186548,-0.707106781186548;-0.707106781186548,-0.707106781186548,0.707106781186548;0.707106781186548,0.707106781186548,-0.707106781186548;-0.707106781186548,0.707106781186548,-0.707106781186548;0.707106781186548,-0.707106781186548,0.707106781186548;0.707106781186548,0.707106781186548,-0.707106781186548;-0.707106781186548,-0.707106781186548,0.707106781186548;-0.707106781186548,0.707106781186548,0.707106781186548;0.707106781186548,-0.707106781186548,-0.707106781186548;0.707106781186548,0.707106781186548,0.707106781186548;-0.707106781186548,-0.707106781186548,-0.707106781186548];

% ref_main = [0 0 0;1 1 1;1 0 0;0 1 1;0 0 1;1 1 0;1 0 1;0 1 0]; 
% ref_1 = [ref_main;double(xor(ref_main,kron([1 1 0],ones(size(ref_main,1),1))))];
% ref_2 = [ref_1;double(xor(ref_1,kron([1 1 1],ones(size(ref_1,1),1))))];
% ref_3 = [ref_2;double(xor(ref_2,kron([0 1 1],ones(size(ref_2,1),1))))];
% ref_last1 = [ref_3;double(xor(ref_3,kron([1 1 1],ones(size(ref_3,1),1))))];
